$GPGSA,A,3,20,10,21,31,32,,,,,,,,3.09,1.62,2.63*09
$GPGSV,3,1,11,01,,,42,08,05,258,,10,52,076,40,11,21,289,40*49
$GPGSV,3,2,11,20,28,113,21,21,34,303,38,23,28,105,,31,74,198,35*77
$GPGSV,3,3,11,32,45,006,36,46,49,240,,51,65,203,*45
$GPGLL,1929.03271,N,09905.22107,W,192215.00,A,A*70
$GPRMC,192216.00,A,1929.03275,N,09905.22092,W,0.066,,101120,,,A*60
$GPVTG,,T,,M,0.066,N,0.121,K,A*21
$GPGGA,192216.00,1929.03275,N,09905.22092,W,1,05,1.62,2275.2,M,-7.5,M,,*60
$GPGSA,A,3,20,10,21,31,32,,,,,,,,3.09,1.62,2.63*09
$GPGSV,3,1,11,01,,,42,08,05,258,,10,52,076,34,11,21,289,41*4B
$GPGSV,3,2,11,20,28,113,20,21,34,303,35,23,28,105,40,31,74,198,38*72
$GPGSV,3,3,11,32,45,006,36,46,49,240,,51,65,203,32*44
$GPGLL,1929.03275,N,09905.22092,W,192216.00,A,A*7A
$GPRMC,192217.00,A,1929.03222,N,09905.22096,W,0.223,,101120,,,A*64
$GPVTG,,T,,M,0.223,N,0.413,K,A*26
$GPGGA,192217.00,1929.03222,N,09905.22096,W,1,05,1.62,2273.5,M,-7.5,M,,*66
$GPGSA,A,3,20,10,21,31,32,,,,,,,,3.08,1.62,2.63*08
$GPGSV,3,1,11,01,,,42,08,05,258,,10,52,076,37,11,21,289,41*48
$GPGSV,3,2,11,20,28,113,19,21,34,303,35,23,28,105,,31,74,198,38*7C
$GPGSV,3,3,11,32,45,006,38,46,49,240,,51,65,203,*4B
$GPGLL,1929.03222,N,09905.22096,W,192217.00,A,A*7D
$GPRMC,192218.00,A,1929.03228,N,09905.22070,W,0.208,,101120,,,A*60
$GPVTG,,T,,M,0.208,N,0.386,K,A*24
$GPGGA,192218.00,1929.03228,N,09905.22070,W,1,05,1.62,2270.3,M,-7.5,M,,*6E
$GPGSA,A,3,20,10,21,31,32,,,,,,,,3.08,1.62,2.63*08
$GPGSV,3,1,11,01,,,42,08,05,258,,10,52,076,33,11,21,289,40*4D
$GPGSV,3,2,11,20,28,113,21,21,34,303,37,23,28,105,42,31,74,198,40*7C
$GPGSV,3,3,11,32,45,006,40,46,49,240,,51,65,203,28*4E
$GPGLL,1929.03228,N,09905.22070,W,192218.00,A,A*70